# Created by Octave 4.4.0, Wed May 23 10:55:31 2018 GMT <unknown@SUMRIT-LAPTOP>
# name: data
# type: matrix
# rows: 891
# columns: 8
 1 0 3 22 1 0 7.25 0
 2 1 1 38 1 0 71.283299999999997 1
 3 1 3 26 0 0 7.9249999999999998 1
 4 1 1 35 1 0 53.100000000000001 1
 5 0 3 35 0 0 8.0500000000000007 0
 6 0 3 0 0 0 8.4582999999999995 0
 7 0 1 54 0 0 51.862499999999997 0
 8 0 3 2 3 1 21.074999999999999 0
 9 1 3 27 0 2 11.1333 1
 10 1 2 14 1 0 30.070799999999998 1
 11 1 3 4 1 1 16.699999999999999 1
 12 1 1 58 0 0 26.550000000000001 1
 13 0 3 20 0 0 8.0500000000000007 0
 14 0 3 39 1 5 31.274999999999999 0
 15 0 3 14 0 0 7.8541999999999996 1
 16 1 2 55 0 0 16 1
 17 0 3 2 4 1 29.125 0
 18 1 2 0 0 0 13 0
 19 0 3 31 1 0 18 1
 20 1 3 0 0 0 7.2249999999999996 1
 21 0 2 35 0 0 26 0
 22 1 2 34 0 0 13 0
 23 1 3 15 0 0 8.0291999999999994 1
 24 1 1 28 0 0 35.5 0
 25 0 3 8 3 1 21.074999999999999 1
 26 1 3 38 1 5 31.387499999999999 1
 27 0 3 0 0 0 7.2249999999999996 0
 28 0 1 19 3 2 263 0
 29 1 3 0 0 0 7.8792 1
 30 0 3 0 0 0 7.8958000000000004 0
 31 0 1 40 0 0 27.720800000000001 0
 32 1 1 0 1 0 146.52080000000001 1
 33 1 3 0 0 0 7.75 1
 34 0 2 66 0 0 10.5 0
 35 0 1 28 1 0 82.1708 0
 36 0 1 42 1 0 52 0
 37 1 3 0 0 0 7.2291999999999996 0
 38 0 3 21 0 0 8.0500000000000007 0
 39 0 3 18 2 0 18 1
 40 1 3 14 1 0 11.2417 1
 41 0 3 40 1 0 9.4749999999999996 1
 42 0 2 27 1 0 21 1
 43 0 3 0 0 0 7.8958000000000004 0
 44 1 2 3 1 2 41.5792 1
 45 1 3 19 0 0 7.8792 1
 46 0 3 0 0 0 8.0500000000000007 0
 47 0 3 0 1 0 15.5 0
 48 1 3 0 0 0 7.75 1
 49 0 3 0 2 0 21.679200000000002 0
 50 0 3 18 1 0 17.800000000000001 1
 51 0 3 7 4 1 39.6875 0
 52 0 3 21 0 0 7.7999999999999998 0
 53 1 1 49 1 0 76.729200000000006 1
 54 1 2 29 1 0 26 1
 55 0 1 65 0 1 61.979199999999999 0
 56 1 1 0 0 0 35.5 0
 57 1 2 21 0 0 10.5 1
 58 0 3 28.5 0 0 7.2291999999999996 0
 59 1 2 5 1 2 27.75 1
 60 0 3 11 5 2 46.899999999999999 0
 61 0 3 22 0 0 7.2291999999999996 0
 62 1 1 38 0 0 80 1
 63 0 1 45 1 0 83.474999999999994 0
 64 0 3 4 3 2 27.899999999999999 0
 65 0 1 0 0 0 27.720800000000001 0
 66 1 3 0 1 1 15.245799999999999 0
 67 1 2 29 0 0 10.5 1
 68 0 3 19 0 0 8.1583000000000006 0
 69 1 3 17 4 2 7.9249999999999998 1
 70 0 3 26 2 0 8.6624999999999996 0
 71 0 2 32 0 0 10.5 0
 72 0 3 16 5 2 46.899999999999999 1
 73 0 2 21 0 0 73.5 0
 74 0 3 26 1 0 14.4542 0
 75 1 3 32 0 0 56.495800000000003 0
 76 0 3 25 0 0 7.6500000000000004 0
 77 0 3 0 0 0 7.8958000000000004 0
 78 0 3 0 0 0 8.0500000000000007 0
 79 1 2 0.82999999999999996 0 2 29 0
 80 1 3 30 0 0 12.475 1
 81 0 3 22 0 0 9 0
 82 1 3 29 0 0 9.5 0
 83 1 3 0 0 0 7.7874999999999996 1
 84 0 1 28 0 0 47.100000000000001 0
 85 1 2 17 0 0 10.5 1
 86 1 3 33 3 0 15.85 1
 87 0 3 16 1 3 34.375 0
 88 0 3 0 0 0 8.0500000000000007 0
 89 1 1 23 3 2 263 1
 90 0 3 24 0 0 8.0500000000000007 0
 91 0 3 29 0 0 8.0500000000000007 0
 92 0 3 20 0 0 7.8541999999999996 0
 93 0 1 46 1 0 61.174999999999997 0
 94 0 3 26 1 2 20.574999999999999 0
 95 0 3 59 0 0 7.25 0
 96 0 3 0 0 0 8.0500000000000007 0
 97 0 1 71 0 0 34.654200000000003 0
 98 1 1 23 0 1 63.3583 0
 99 1 2 34 0 1 23 1
 100 0 2 34 1 0 26 0
 101 0 3 28 0 0 7.8958000000000004 1
 102 0 3 0 0 0 7.8958000000000004 0
 103 0 1 21 0 1 77.287499999999994 0
 104 0 3 33 0 0 8.6541999999999994 0
 105 0 3 37 2 0 7.9249999999999998 0
 106 0 3 28 0 0 7.8958000000000004 0
 107 1 3 21 0 0 7.6500000000000004 1
 108 1 3 0 0 0 7.7750000000000004 0
 109 0 3 38 0 0 7.8958000000000004 0
 110 1 3 0 1 0 24.149999999999999 1
 111 0 1 47 0 0 52 0
 112 0 3 14.5 1 0 14.4542 1
 113 0 3 22 0 0 8.0500000000000007 0
 114 0 3 20 1 0 9.8249999999999993 1
 115 0 3 17 0 0 14.458299999999999 1
 116 0 3 21 0 0 7.9249999999999998 0
 117 0 3 70.5 0 0 7.75 0
 118 0 2 29 1 0 21 0
 119 0 1 24 0 1 247.52080000000001 0
 120 0 3 2 4 2 31.274999999999999 1
 121 0 2 21 2 0 73.5 0
 122 0 3 0 0 0 8.0500000000000007 0
 123 0 2 32.5 1 0 30.070799999999998 0
 124 1 2 32.5 0 0 13 1
 125 0 1 54 0 1 77.287499999999994 0
 126 1 3 12 1 0 11.2417 0
 127 0 3 0 0 0 7.75 0
 128 1 3 24 0 0 7.1417000000000002 0
 129 1 3 0 1 1 22.3583 1
 130 0 3 45 0 0 6.9749999999999996 0
 131 0 3 33 0 0 7.8958000000000004 0
 132 0 3 20 0 0 7.0499999999999998 0
 133 0 3 47 1 0 14.5 1
 134 1 2 29 1 0 26 1
 135 0 2 25 0 0 13 0
 136 0 2 23 0 0 15.0458 0
 137 1 1 19 0 2 26.283300000000001 1
 138 0 1 37 1 0 53.100000000000001 0
 139 0 3 16 0 0 9.2166999999999994 0
 140 0 1 24 0 0 79.200000000000003 0
 141 0 3 0 0 2 15.245799999999999 1
 142 1 3 22 0 0 7.75 1
 143 1 3 24 1 0 15.85 1
 144 0 3 19 0 0 6.75 0
 145 0 2 18 0 0 11.5 0
 146 0 2 19 1 1 36.75 0
 147 1 3 27 0 0 7.7957999999999998 0
 148 0 3 9 2 2 34.375 1
 149 0 2 36.5 0 2 26 0
 150 0 2 42 0 0 13 0
 151 0 2 51 0 0 12.525 0
 152 1 1 22 1 0 66.599999999999994 1
 153 0 3 55.5 0 0 8.0500000000000007 0
 154 0 3 40.5 0 2 14.5 0
 155 0 3 0 0 0 7.3125 0
 156 0 1 51 0 1 61.379199999999997 0
 157 1 3 16 0 0 7.7332999999999998 1
 158 0 3 30 0 0 8.0500000000000007 0
 159 0 3 0 0 0 8.6624999999999996 0
 160 0 3 0 8 2 69.549999999999997 0
 161 0 3 44 0 1 16.100000000000001 0
 162 1 2 40 0 0 15.75 1
 163 0 3 26 0 0 7.7750000000000004 0
 164 0 3 17 0 0 8.6624999999999996 0
 165 0 3 1 4 1 39.6875 0
 166 1 3 9 0 2 20.524999999999999 0
 167 1 1 0 0 1 55 1
 168 0 3 45 1 4 27.899999999999999 1
 169 0 1 0 0 0 25.925000000000001 0
 170 0 3 28 0 0 56.495800000000003 0
 171 0 1 61 0 0 33.5 0
 172 0 3 4 4 1 29.125 0
 173 1 3 1 1 1 11.1333 1
 174 0 3 21 0 0 7.9249999999999998 0
 175 0 1 56 0 0 30.695799999999998 0
 176 0 3 18 1 1 7.8541999999999996 0
 177 0 3 0 3 1 25.466699999999999 0
 178 0 1 50 0 0 28.712499999999999 1
 179 0 2 30 0 0 13 0
 180 0 3 36 0 0 0 0
 181 0 3 0 8 2 69.549999999999997 1
 182 0 2 0 0 0 15.050000000000001 0
 183 0 3 9 4 2 31.387499999999999 0
 184 1 2 1 2 1 39 0
 185 1 3 4 0 2 22.024999999999999 1
 186 0 1 0 0 0 50 0
 187 1 3 0 1 0 15.5 1
 188 1 1 45 0 0 26.550000000000001 0
 189 0 3 40 1 1 15.5 0
 190 0 3 36 0 0 7.8958000000000004 0
 191 1 2 32 0 0 13 1
 192 0 2 19 0 0 13 0
 193 1 3 19 1 0 7.8541999999999996 1
 194 1 2 3 1 1 26 0
 195 1 1 44 0 0 27.720800000000001 1
 196 1 1 58 0 0 146.52080000000001 1
 197 0 3 0 0 0 7.75 0
 198 0 3 42 0 1 8.4041999999999994 0
 199 1 3 0 0 0 7.75 1
 200 0 2 24 0 0 13 1
 201 0 3 28 0 0 9.5 0
 202 0 3 0 8 2 69.549999999999997 0
 203 0 3 34 0 0 6.4958 0
 204 0 3 45.5 0 0 7.2249999999999996 0
 205 1 3 18 0 0 8.0500000000000007 0
 206 0 3 2 0 1 10.4625 1
 207 0 3 32 1 0 15.85 0
 208 1 3 26 0 0 18.787500000000001 0
 209 1 3 16 0 0 7.75 1
 210 1 1 40 0 0 31 0
 211 0 3 24 0 0 7.0499999999999998 0
 212 1 2 35 0 0 21 1
 213 0 3 22 0 0 7.25 0
 214 0 2 30 0 0 13 0
 215 0 3 0 1 0 7.75 0
 216 1 1 31 1 0 113.27500000000001 1
 217 1 3 27 0 0 7.9249999999999998 1
 218 0 2 42 1 0 27 0
 219 1 1 32 0 0 76.291700000000006 1
 220 0 2 30 0 0 10.5 0
 221 1 3 16 0 0 8.0500000000000007 0
 222 0 2 27 0 0 13 0
 223 0 3 51 0 0 8.0500000000000007 0
 224 0 3 0 0 0 7.8958000000000004 0
 225 1 1 38 1 0 90 0
 226 0 3 22 0 0 9.3499999999999996 0
 227 1 2 19 0 0 10.5 0
 228 0 3 20.5 0 0 7.25 0
 229 0 2 18 0 0 13 0
 230 0 3 0 3 1 25.466699999999999 1
 231 1 1 35 1 0 83.474999999999994 1
 232 0 3 29 0 0 7.7750000000000004 0
 233 0 2 59 0 0 13.5 0
 234 1 3 5 4 2 31.387499999999999 1
 235 0 2 24 0 0 10.5 0
 236 0 3 0 0 0 7.5499999999999998 1
 237 0 2 44 1 0 26 0
 238 1 2 8 0 2 26.25 1
 239 0 2 19 0 0 10.5 0
 240 0 2 33 0 0 12.275 0
 241 0 3 0 1 0 14.4542 1
 242 1 3 0 1 0 15.5 1
 243 0 2 29 0 0 10.5 0
 244 0 3 22 0 0 7.125 0
 245 0 3 30 0 0 7.2249999999999996 0
 246 0 1 44 2 0 90 0
 247 0 3 25 0 0 7.7750000000000004 1
 248 1 2 24 0 2 14.5 1
 249 1 1 37 1 1 52.554200000000002 0
 250 0 2 54 1 0 26 0
 251 0 3 0 0 0 7.25 0
 252 0 3 29 1 1 10.4625 1
 253 0 1 62 0 0 26.550000000000001 0
 254 0 3 30 1 0 16.100000000000001 0
 255 0 3 41 0 2 20.212499999999999 1
 256 1 3 29 0 2 15.245799999999999 1
 257 1 1 0 0 0 79.200000000000003 1
 258 1 1 30 0 0 86.5 1
 259 1 1 35 0 0 512.32920000000001 1
 260 1 2 50 0 1 26 1
 261 0 3 0 0 0 7.75 0
 262 1 3 3 4 2 31.387499999999999 0
 263 0 1 52 1 1 79.650000000000006 0
 264 0 1 40 0 0 0 0
 265 0 3 0 0 0 7.75 1
 266 0 2 36 0 0 10.5 0
 267 0 3 16 4 1 39.6875 0
 268 1 3 25 1 0 7.7750000000000004 0
 269 1 1 58 0 1 153.46250000000001 1
 270 1 1 35 0 0 135.63329999999999 1
 271 0 1 0 0 0 31 0
 272 1 3 25 0 0 0 0
 273 1 2 41 0 1 19.5 1
 274 0 1 37 0 1 29.699999999999999 0
 275 1 3 0 0 0 7.75 1
 276 1 1 63 1 0 77.958299999999994 1
 277 0 3 45 0 0 7.75 1
 278 0 2 0 0 0 0 0
 279 0 3 7 4 1 29.125 0
 280 1 3 35 1 1 20.25 1
 281 0 3 65 0 0 7.75 0
 282 0 3 28 0 0 7.8541999999999996 0
 283 0 3 16 0 0 9.5 0
 284 1 3 19 0 0 8.0500000000000007 0
 285 0 1 0 0 0 26 0
 286 0 3 33 0 0 8.6624999999999996 0
 287 1 3 30 0 0 9.5 0
 288 0 3 22 0 0 7.8958000000000004 0
 289 1 2 42 0 0 13 0
 290 1 3 22 0 0 7.75 1
 291 1 1 26 0 0 78.849999999999994 1
 292 1 1 19 1 0 91.0792 1
 293 0 2 36 0 0 12.875 0
 294 0 3 24 0 0 8.8499999999999996 1
 295 0 3 24 0 0 7.8958000000000004 0
 296 0 1 0 0 0 27.720800000000001 0
 297 0 3 23.5 0 0 7.2291999999999996 0
 298 0 1 2 1 2 151.55000000000001 1
 299 1 1 0 0 0 30.5 0
 300 1 1 50 0 1 247.52080000000001 1
 301 1 3 0 0 0 7.75 1
 302 1 3 0 2 0 23.25 0
 303 0 3 19 0 0 0 0
 304 1 2 0 0 0 12.35 1
 305 0 3 0 0 0 8.0500000000000007 0
 306 1 1 0.92000000000000004 1 2 151.55000000000001 0
 307 1 1 0 0 0 110.88330000000001 1
 308 1 1 17 1 0 108.90000000000001 1
 309 0 2 30 1 0 24 0
 310 1 1 30 0 0 56.929200000000002 1
 311 1 1 24 0 0 83.158299999999997 1
 312 1 1 18 2 2 262.375 1
 313 0 2 26 1 1 26 1
 314 0 3 28 0 0 7.8958000000000004 0
 315 0 2 43 1 1 26.25 0
 316 1 3 26 0 0 7.8541999999999996 1
 317 1 2 24 1 0 26 1
 318 0 2 54 0 0 14 0
 319 1 1 31 0 2 164.86670000000001 1
 320 1 1 40 1 1 134.5 1
 321 0 3 22 0 0 7.25 0
 322 0 3 27 0 0 7.8958000000000004 0
 323 1 2 30 0 0 12.35 1
 324 1 2 22 1 1 29 1
 325 0 3 0 8 2 69.549999999999997 0
 326 1 1 36 0 0 135.63329999999999 1
 327 0 3 61 0 0 6.2374999999999998 0
 328 1 2 36 0 0 13 1
 329 1 3 31 1 1 20.524999999999999 1
 330 1 1 16 0 1 57.979199999999999 1
 331 1 3 0 2 0 23.25 1
 332 0 1 45.5 0 0 28.5 0
 333 0 1 38 0 1 153.46250000000001 0
 334 0 3 16 2 0 18 0
 335 1 1 0 1 0 133.65000000000001 1
 336 0 3 0 0 0 7.8958000000000004 0
 337 0 1 29 1 0 66.599999999999994 0
 338 1 1 41 0 0 134.5 1
 339 1 3 45 0 0 8.0500000000000007 0
 340 0 1 45 0 0 35.5 0
 341 1 2 2 1 1 26 0
 342 1 1 24 3 2 263 1
 343 0 2 28 0 0 13 0
 344 0 2 25 0 0 13 0
 345 0 2 36 0 0 13 0
 346 1 2 24 0 0 13 1
 347 1 2 40 0 0 13 1
 348 1 3 0 1 0 16.100000000000001 1
 349 1 3 3 1 1 15.9 0
 350 0 3 42 0 0 8.6624999999999996 0
 351 0 3 23 0 0 9.2249999999999996 0
 352 0 1 0 0 0 35 0
 353 0 3 15 1 1 7.2291999999999996 0
 354 0 3 25 1 0 17.800000000000001 0
 355 0 3 0 0 0 7.2249999999999996 0
 356 0 3 28 0 0 9.5 0
 357 1 1 22 0 1 55 1
 358 0 2 38 0 0 13 1
 359 1 3 0 0 0 7.8792 1
 360 1 3 0 0 0 7.8792 1
 361 0 3 40 1 4 27.899999999999999 0
 362 0 2 29 1 0 27.720800000000001 0
 363 0 3 45 0 1 14.4542 1
 364 0 3 35 0 0 7.0499999999999998 0
 365 0 3 0 1 0 15.5 0
 366 0 3 30 0 0 7.25 0
 367 1 1 60 1 0 75.25 1
 368 1 3 0 0 0 7.2291999999999996 1
 369 1 3 0 0 0 7.75 1
 370 1 1 24 0 0 69.299999999999997 1
 371 1 1 25 1 0 55.441699999999997 0
 372 0 3 18 1 0 6.4958 0
 373 0 3 19 0 0 8.0500000000000007 0
 374 0 1 22 0 0 135.63329999999999 0
 375 0 3 3 3 1 21.074999999999999 1
 376 1 1 0 1 0 82.1708 1
 377 1 3 22 0 0 7.25 1
 378 0 1 27 0 2 211.5 0
 379 0 3 20 0 0 4.0125000000000002 0
 380 0 3 19 0 0 7.7750000000000004 0
 381 1 1 42 0 0 227.52500000000001 1
 382 1 3 1 0 2 15.7417 1
 383 0 3 32 0 0 7.9249999999999998 0
 384 1 1 35 1 0 52 1
 385 0 3 0 0 0 7.8958000000000004 0
 386 0 2 18 0 0 73.5 0
 387 0 3 1 5 2 46.899999999999999 0
 388 1 2 36 0 0 13 1
 389 0 3 0 0 0 7.7291999999999996 0
 390 1 2 17 0 0 12 1
 391 1 1 36 1 2 120 0
 392 1 3 21 0 0 7.7957999999999998 0
 393 0 3 28 2 0 7.9249999999999998 0
 394 1 1 23 1 0 113.27500000000001 1
 395 1 3 24 0 2 16.699999999999999 1
 396 0 3 22 0 0 7.7957999999999998 0
 397 0 3 31 0 0 7.8541999999999996 1
 398 0 2 46 0 0 26 0
 399 0 2 23 0 0 10.5 0
 400 1 2 28 0 0 12.65 1
 401 1 3 39 0 0 7.9249999999999998 0
 402 0 3 26 0 0 8.0500000000000007 0
 403 0 3 21 1 0 9.8249999999999993 1
 404 0 3 28 1 0 15.85 0
 405 0 3 20 0 0 8.6624999999999996 1
 406 0 2 34 1 0 21 0
 407 0 3 51 0 0 7.75 0
 408 1 2 3 1 1 18.75 0
 409 0 3 21 0 0 7.7750000000000004 0
 410 0 3 0 3 1 25.466699999999999 1
 411 0 3 0 0 0 7.8958000000000004 0
 412 0 3 0 0 0 6.8582999999999998 0
 413 1 1 33 1 0 90 1
 414 0 2 0 0 0 0 0
 415 1 3 44 0 0 7.9249999999999998 0
 416 0 3 0 0 0 8.0500000000000007 1
 417 1 2 34 1 1 32.5 1
 418 1 2 18 0 2 13 1
 419 0 2 30 0 0 13 0
 420 0 3 10 0 2 24.149999999999999 1
 421 0 3 0 0 0 7.8958000000000004 0
 422 0 3 21 0 0 7.7332999999999998 0
 423 0 3 29 0 0 7.875 0
 424 0 3 28 1 1 14.4 1
 425 0 3 18 1 1 20.212499999999999 0
 426 0 3 0 0 0 7.25 0
 427 1 2 28 1 0 26 1
 428 1 2 19 0 0 26 1
 429 0 3 0 0 0 7.75 0
 430 1 3 32 0 0 8.0500000000000007 0
 431 1 1 28 0 0 26.550000000000001 0
 432 1 3 0 1 0 16.100000000000001 1
 433 1 2 42 1 0 26 1
 434 0 3 17 0 0 7.125 0
 435 0 1 50 1 0 55.899999999999999 0
 436 1 1 14 1 2 120 1
 437 0 3 21 2 2 34.375 1
 438 1 2 24 2 3 18.75 1
 439 0 1 64 1 4 263 0
 440 0 2 31 0 0 10.5 0
 441 1 2 45 1 1 26.25 1
 442 0 3 20 0 0 9.5 0
 443 0 3 25 1 0 7.7750000000000004 0
 444 1 2 28 0 0 13 1
 445 1 3 0 0 0 8.1125000000000007 0
 446 1 1 4 0 2 81.8583 0
 447 1 2 13 0 1 19.5 1
 448 1 1 34 0 0 26.550000000000001 0
 449 1 3 5 2 1 19.258299999999998 1
 450 1 1 52 0 0 30.5 0
 451 0 2 36 1 2 27.75 0
 452 0 3 0 1 0 19.966699999999999 0
 453 0 1 30 0 0 27.75 0
 454 1 1 49 1 0 89.104200000000006 0
 455 0 3 0 0 0 8.0500000000000007 0
 456 1 3 29 0 0 7.8958000000000004 0
 457 0 1 65 0 0 26.550000000000001 0
 458 1 1 0 1 0 51.862499999999997 1
 459 1 2 50 0 0 10.5 1
 460 0 3 0 0 0 7.75 0
 461 1 1 48 0 0 26.550000000000001 0
 462 0 3 34 0 0 8.0500000000000007 0
 463 0 1 47 0 0 38.5 0
 464 0 2 48 0 0 13 0
 465 0 3 0 0 0 8.0500000000000007 0
 466 0 3 38 0 0 7.0499999999999998 0
 467 0 2 0 0 0 0 0
 468 0 1 56 0 0 26.550000000000001 0
 469 0 3 0 0 0 7.7249999999999996 0
 470 1 3 0.75 2 1 19.258299999999998 1
 471 0 3 0 0 0 7.25 0
 472 0 3 38 0 0 8.6624999999999996 0
 473 1 2 33 1 2 27.75 1
 474 1 2 23 0 0 13.791700000000001 1
 475 0 3 22 0 0 9.8375000000000004 1
 476 0 1 0 0 0 52 0
 477 0 2 34 1 0 21 0
 478 0 3 29 1 0 7.0457999999999998 0
 479 0 3 22 0 0 7.5208000000000004 0
 480 1 3 2 0 1 12.2875 1
 481 0 3 9 5 2 46.899999999999999 0
 482 0 2 0 0 0 0 0
 483 0 3 50 0 0 8.0500000000000007 0
 484 1 3 63 0 0 9.5875000000000004 1
 485 1 1 25 1 0 91.0792 0
 486 0 3 0 3 1 25.466699999999999 1
 487 1 1 35 1 0 90 1
 488 0 1 58 0 0 29.699999999999999 0
 489 0 3 30 0 0 8.0500000000000007 0
 490 1 3 9 1 1 15.9 0
 491 0 3 0 1 0 19.966699999999999 0
 492 0 3 21 0 0 7.25 0
 493 0 1 55 0 0 30.5 0
 494 0 1 71 0 0 49.504199999999997 0
 495 0 3 21 0 0 8.0500000000000007 0
 496 0 3 0 0 0 14.458299999999999 0
 497 1 1 54 1 0 78.2667 1
 498 0 3 0 0 0 15.1 0
 499 0 1 25 1 2 151.55000000000001 1
 500 0 3 24 0 0 7.7957999999999998 0
 501 0 3 17 0 0 8.6624999999999996 0
 502 0 3 21 0 0 7.75 1
 503 0 3 0 0 0 7.6292 1
 504 0 3 37 0 0 9.5875000000000004 1
 505 1 1 16 0 0 86.5 1
 506 0 1 18 1 0 108.90000000000001 0
 507 1 2 33 0 2 26 1
 508 1 1 0 0 0 26.550000000000001 0
 509 0 3 28 0 0 22.524999999999999 0
 510 1 3 26 0 0 56.495800000000003 0
 511 1 3 29 0 0 7.75 0
 512 0 3 0 0 0 8.0500000000000007 0
 513 1 1 36 0 0 26.287500000000001 0
 514 1 1 54 1 0 59.399999999999999 1
 515 0 3 24 0 0 7.4958 0
 516 0 1 47 0 0 34.020800000000001 0
 517 1 2 34 0 0 10.5 1
 518 0 3 0 0 0 24.149999999999999 0
 519 1 2 36 1 0 26 1
 520 0 3 32 0 0 7.8958000000000004 0
 521 1 1 30 0 0 93.5 1
 522 0 3 22 0 0 7.8958000000000004 0
 523 0 3 0 0 0 7.2249999999999996 0
 524 1 1 44 0 1 57.979199999999999 1
 525 0 3 0 0 0 7.2291999999999996 0
 526 0 3 40.5 0 0 7.75 0
 527 1 2 50 0 0 10.5 1
 528 0 1 0 0 0 221.7792 0
 529 0 3 39 0 0 7.9249999999999998 0
 530 0 2 23 2 1 11.5 0
 531 1 2 2 1 1 26 1
 532 0 3 0 0 0 7.2291999999999996 0
 533 0 3 17 1 1 7.2291999999999996 0
 534 1 3 0 0 2 22.3583 1
 535 0 3 30 0 0 8.6624999999999996 1
 536 1 2 7 0 2 26.25 1
 537 0 1 45 0 0 26.550000000000001 0
 538 1 1 30 0 0 106.425 1
 539 0 3 0 0 0 14.5 0
 540 1 1 22 0 2 49.5 1
 541 1 1 36 0 2 71 1
 542 0 3 9 4 2 31.274999999999999 1
 543 0 3 11 4 2 31.274999999999999 1
 544 1 2 32 1 0 26 0
 545 0 1 50 1 0 106.425 0
 546 0 1 64 0 0 26 0
 547 1 2 19 1 0 26 1
 548 1 2 0 0 0 13.862500000000001 0
 549 0 3 33 1 1 20.524999999999999 0
 550 1 2 8 1 1 36.75 0
 551 1 1 17 0 2 110.88330000000001 0
 552 0 2 27 0 0 26 0
 553 0 3 0 0 0 7.8292000000000002 0
 554 1 3 22 0 0 7.2249999999999996 0
 555 1 3 22 0 0 7.7750000000000004 1
 556 0 1 62 0 0 26.550000000000001 0
 557 1 1 48 1 0 39.600000000000001 1
 558 0 1 0 0 0 227.52500000000001 0
 559 1 1 39 1 1 79.650000000000006 1
 560 1 3 36 1 0 17.399999999999999 1
 561 0 3 0 0 0 7.75 0
 562 0 3 40 0 0 7.8958000000000004 0
 563 0 2 28 0 0 13.5 0
 564 0 3 0 0 0 8.0500000000000007 0
 565 0 3 0 0 0 8.0500000000000007 1
 566 0 3 24 2 0 24.149999999999999 0
 567 0 3 19 0 0 7.8958000000000004 0
 568 0 3 29 0 4 21.074999999999999 1
 569 0 3 0 0 0 7.2291999999999996 0
 570 1 3 32 0 0 7.8541999999999996 0
 571 1 2 62 0 0 10.5 0
 572 1 1 53 2 0 51.479199999999999 1
 573 1 1 36 0 0 26.387499999999999 0
 574 1 3 0 0 0 7.75 1
 575 0 3 16 0 0 8.0500000000000007 0
 576 0 3 19 0 0 14.5 0
 577 1 2 34 0 0 13 1
 578 1 1 39 1 0 55.899999999999999 1
 579 0 3 0 1 0 14.458299999999999 1
 580 1 3 32 0 0 7.9249999999999998 0
 581 1 2 25 1 1 30 1
 582 1 1 39 1 1 110.88330000000001 1
 583 0 2 54 0 0 26 0
 584 0 1 36 0 0 40.125 0
 585 0 3 0 0 0 8.7125000000000004 0
 586 1 1 18 0 2 79.650000000000006 1
 587 0 2 47 0 0 15 0
 588 1 1 60 1 1 79.200000000000003 0
 589 0 3 22 0 0 8.0500000000000007 0
 590 0 3 0 0 0 8.0500000000000007 0
 591 0 3 35 0 0 7.125 0
 592 1 1 52 1 0 78.2667 1
 593 0 3 47 0 0 7.25 0
 594 0 3 0 0 2 7.75 1
 595 0 2 37 1 0 26 0
 596 0 3 36 1 1 24.149999999999999 0
 597 1 2 0 0 0 33 1
 598 0 3 49 0 0 0 0
 599 0 3 0 0 0 7.2249999999999996 0
 600 1 1 49 1 0 56.929200000000002 0
 601 1 2 24 2 1 27 1
 602 0 3 0 0 0 7.8958000000000004 0
 603 0 1 0 0 0 42.399999999999999 0
 604 0 3 44 0 0 8.0500000000000007 0
 605 1 1 35 0 0 26.550000000000001 0
 606 0 3 36 1 0 15.550000000000001 0
 607 0 3 30 0 0 7.8958000000000004 0
 608 1 1 27 0 0 30.5 0
 609 1 2 22 1 2 41.5792 1
 610 1 1 40 0 0 153.46250000000001 1
 611 0 3 39 1 5 31.274999999999999 1
 612 0 3 0 0 0 7.0499999999999998 0
 613 1 3 0 1 0 15.5 1
 614 0 3 0 0 0 7.75 0
 615 0 3 35 0 0 8.0500000000000007 0
 616 1 2 24 1 2 65 1
 617 0 3 34 1 1 14.4 0
 618 0 3 26 1 0 16.100000000000001 1
 619 1 2 4 2 1 39 1
 620 0 2 26 0 0 10.5 0
 621 0 3 27 1 0 14.4542 0
 622 1 1 42 1 0 52.554200000000002 0
 623 1 3 20 1 1 15.7417 0
 624 0 3 21 0 0 7.8541999999999996 0
 625 0 3 21 0 0 16.100000000000001 0
 626 0 1 61 0 0 32.320799999999998 0
 627 0 2 57 0 0 12.35 0
 628 1 1 21 0 0 77.958299999999994 1
 629 0 3 26 0 0 7.8958000000000004 0
 630 0 3 0 0 0 7.7332999999999998 0
 631 1 1 80 0 0 30 0
 632 0 3 51 0 0 7.0541999999999998 0
 633 1 1 32 0 0 30.5 0
 634 0 1 0 0 0 0 0
 635 0 3 9 3 2 27.899999999999999 1
 636 1 2 28 0 0 13 1
 637 0 3 32 0 0 7.9249999999999998 0
 638 0 2 31 1 1 26.25 0
 639 0 3 41 0 5 39.6875 1
 640 0 3 0 1 0 16.100000000000001 0
 641 0 3 20 0 0 7.8541999999999996 0
 642 1 1 24 0 0 69.299999999999997 1
 643 0 3 2 3 2 27.899999999999999 1
 644 1 3 0 0 0 56.495800000000003 0
 645 1 3 0.75 2 1 19.258299999999998 1
 646 1 1 48 1 0 76.729200000000006 0
 647 0 3 19 0 0 7.8958000000000004 0
 648 1 1 56 0 0 35.5 0
 649 0 3 0 0 0 7.5499999999999998 0
 650 1 3 23 0 0 7.5499999999999998 1
 651 0 3 0 0 0 7.8958000000000004 0
 652 1 2 18 0 1 23 1
 653 0 3 21 0 0 8.4332999999999991 0
 654 1 3 0 0 0 7.8292000000000002 1
 655 0 3 18 0 0 6.75 1
 656 0 2 24 2 0 73.5 0
 657 0 3 0 0 0 7.8958000000000004 0
 658 0 3 32 1 1 15.5 1
 659 0 2 23 0 0 13 0
 660 0 1 58 0 2 113.27500000000001 0
 661 1 1 50 2 0 133.65000000000001 0
 662 0 3 40 0 0 7.2249999999999996 0
 663 0 1 47 0 0 25.587499999999999 0
 664 0 3 36 0 0 7.4958 0
 665 1 3 20 1 0 7.9249999999999998 0
 666 0 2 32 2 0 73.5 0
 667 0 2 25 0 0 13 0
 668 0 3 0 0 0 7.7750000000000004 0
 669 0 3 43 0 0 8.0500000000000007 0
 670 1 1 0 1 0 52 1
 671 1 2 40 1 1 39 1
 672 0 1 31 1 0 52 0
 673 0 2 70 0 0 10.5 0
 674 1 2 31 0 0 13 0
 675 0 2 0 0 0 0 0
 676 0 3 18 0 0 7.7750000000000004 0
 677 0 3 24.5 0 0 8.0500000000000007 0
 678 1 3 18 0 0 9.8416999999999994 1
 679 0 3 43 1 6 46.899999999999999 1
 680 1 1 36 0 1 512.32920000000001 0
 681 0 3 0 0 0 8.1374999999999993 1
 682 1 1 27 0 0 76.729200000000006 0
 683 0 3 20 0 0 9.2249999999999996 0
 684 0 3 14 5 2 46.899999999999999 0
 685 0 2 60 1 1 39 0
 686 0 2 25 1 2 41.5792 0
 687 0 3 14 4 1 39.6875 0
 688 0 3 19 0 0 10.1708 0
 689 0 3 18 0 0 7.7957999999999998 0
 690 1 1 15 0 1 211.33750000000001 1
 691 1 1 31 1 0 57 0
 692 1 3 4 0 1 13.416700000000001 1
 693 1 3 0 0 0 56.495800000000003 0
 694 0 3 25 0 0 7.2249999999999996 0
 695 0 1 60 0 0 26.550000000000001 0
 696 0 2 52 0 0 13.5 0
 697 0 3 44 0 0 8.0500000000000007 0
 698 1 3 0 0 0 7.7332999999999998 1
 699 0 1 49 1 1 110.88330000000001 0
 700 0 3 42 0 0 7.6500000000000004 0
 701 1 1 18 1 0 227.52500000000001 1
 702 1 1 35 0 0 26.287500000000001 0
 703 0 3 18 0 1 14.4542 1
 704 0 3 25 0 0 7.7416999999999998 0
 705 0 3 26 1 0 7.8541999999999996 0
 706 0 2 39 0 0 26 0
 707 1 2 45 0 0 13.5 1
 708 1 1 42 0 0 26.287500000000001 0
 709 1 1 22 0 0 151.55000000000001 1
 710 1 3 0 1 1 15.245799999999999 0
 711 1 1 24 0 0 49.504199999999997 1
 712 0 1 0 0 0 26.550000000000001 0
 713 1 1 48 1 0 52 0
 714 0 3 29 0 0 9.4832999999999998 0
 715 0 2 52 0 0 13 0
 716 0 3 19 0 0 7.6500000000000004 0
 717 1 1 38 0 0 227.52500000000001 1
 718 1 2 27 0 0 10.5 1
 719 0 3 0 0 0 15.5 0
 720 0 3 33 0 0 7.7750000000000004 0
 721 1 2 6 0 1 33 1
 722 0 3 17 1 0 7.0541999999999998 0
 723 0 2 34 0 0 13 0
 724 0 2 50 0 0 13 0
 725 1 1 27 1 0 53.100000000000001 0
 726 0 3 20 0 0 8.6624999999999996 0
 727 1 2 30 3 0 21 1
 728 1 3 0 0 0 7.7374999999999998 1
 729 0 2 25 1 0 26 0
 730 0 3 25 1 0 7.9249999999999998 1
 731 1 1 29 0 0 211.33750000000001 1
 732 0 3 11 0 0 18.787500000000001 0
 733 0 2 0 0 0 0 0
 734 0 2 23 0 0 13 0
 735 0 2 23 0 0 13 0
 736 0 3 28.5 0 0 16.100000000000001 0
 737 0 3 48 1 3 34.375 1
 738 1 1 35 0 0 512.32920000000001 0
 739 0 3 0 0 0 7.8958000000000004 0
 740 0 3 0 0 0 7.8958000000000004 0
 741 1 1 0 0 0 30 0
 742 0 1 36 1 0 78.849999999999994 0
 743 1 1 21 2 2 262.375 1
 744 0 3 24 1 0 16.100000000000001 0
 745 1 3 31 0 0 7.9249999999999998 0
 746 0 1 70 1 1 71 0
 747 0 3 16 1 1 20.25 0
 748 1 2 30 0 0 13 1
 749 0 1 19 1 0 53.100000000000001 0
 750 0 3 31 0 0 7.75 0
 751 1 2 4 1 1 23 1
 752 1 3 6 0 1 12.475 0
 753 0 3 33 0 0 9.5 0
 754 0 3 23 0 0 7.8958000000000004 0
 755 1 2 48 1 2 65 1
 756 1 2 0.67000000000000004 1 1 14.5 0
 757 0 3 28 0 0 7.7957999999999998 0
 758 0 2 18 0 0 11.5 0
 759 0 3 34 0 0 8.0500000000000007 0
 760 1 1 33 0 0 86.5 1
 761 0 3 0 0 0 14.5 0
 762 0 3 41 0 0 7.125 0
 763 1 3 20 0 0 7.2291999999999996 0
 764 1 1 36 1 2 120 1
 765 0 3 16 0 0 7.7750000000000004 0
 766 1 1 51 1 0 77.958299999999994 1
 767 0 1 0 0 0 39.600000000000001 0
 768 0 3 30.5 0 0 7.75 1
 769 0 3 0 1 0 24.149999999999999 0
 770 0 3 32 0 0 8.3625000000000007 0
 771 0 3 24 0 0 9.5 0
 772 0 3 48 0 0 7.8541999999999996 0
 773 0 2 57 0 0 10.5 1
 774 0 3 0 0 0 7.2249999999999996 0
 775 1 2 54 1 3 23 1
 776 0 3 18 0 0 7.75 0
 777 0 3 0 0 0 7.75 0
 778 1 3 5 0 0 12.475 1
 779 0 3 0 0 0 7.7374999999999998 0
 780 1 1 43 0 1 211.33750000000001 1
 781 1 3 13 0 0 7.2291999999999996 1
 782 1 1 17 1 0 57 1
 783 0 1 29 0 0 30 0
 784 0 3 0 1 2 23.449999999999999 0
 785 0 3 25 0 0 7.0499999999999998 0
 786 0 3 25 0 0 7.25 0
 787 1 3 18 0 0 7.4958 1
 788 0 3 8 4 1 29.125 0
 789 1 3 1 1 2 20.574999999999999 0
 790 0 1 46 0 0 79.200000000000003 0
 791 0 3 0 0 0 7.75 0
 792 0 2 16 0 0 26 0
 793 0 3 0 8 2 69.549999999999997 1
 794 0 1 0 0 0 30.695799999999998 0
 795 0 3 25 0 0 7.8958000000000004 0
 796 0 2 39 0 0 13 0
 797 1 1 49 0 0 25.929200000000002 1
 798 1 3 31 0 0 8.6832999999999991 1
 799 0 3 30 0 0 7.2291999999999996 0
 800 0 3 30 1 1 24.149999999999999 1
 801 0 2 34 0 0 13 0
 802 1 2 31 1 1 26.25 1
 803 1 1 11 1 2 120 0
 804 1 3 0.41999999999999998 0 1 8.5167000000000002 0
 805 1 3 27 0 0 6.9749999999999996 0
 806 0 3 31 0 0 7.7750000000000004 0
 807 0 1 39 0 0 0 0
 808 0 3 18 0 0 7.7750000000000004 1
 809 0 2 39 0 0 13 0
 810 1 1 33 1 0 53.100000000000001 1
 811 0 3 26 0 0 7.8875000000000002 0
 812 0 3 39 0 0 24.149999999999999 0
 813 0 2 35 0 0 10.5 0
 814 0 3 6 4 2 31.274999999999999 1
 815 0 3 30.5 0 0 8.0500000000000007 0
 816 0 1 0 0 0 0 0
 817 0 3 23 0 0 7.9249999999999998 1
 818 0 2 31 1 1 37.004199999999997 0
 819 0 3 43 0 0 6.4500000000000002 0
 820 0 3 10 3 2 27.899999999999999 0
 821 1 1 52 1 1 93.5 1
 822 1 3 27 0 0 8.6624999999999996 0
 823 0 1 38 0 0 0 0
 824 1 3 27 0 1 12.475 1
 825 0 3 2 4 1 39.6875 0
 826 0 3 0 0 0 6.9500000000000002 0
 827 0 3 0 0 0 56.495800000000003 0
 828 1 2 1 0 2 37.004199999999997 0
 829 1 3 0 0 0 7.75 0
 830 1 1 62 0 0 80 1
 831 1 3 15 1 0 14.4542 1
 832 1 2 0.82999999999999996 1 1 18.75 0
 833 0 3 0 0 0 7.2291999999999996 0
 834 0 3 23 0 0 7.8541999999999996 0
 835 0 3 18 0 0 8.3000000000000007 0
 836 1 1 39 1 1 83.158299999999997 1
 837 0 3 21 0 0 8.6624999999999996 0
 838 0 3 0 0 0 8.0500000000000007 0
 839 1 3 32 0 0 56.495800000000003 0
 840 1 1 0 0 0 29.699999999999999 0
 841 0 3 20 0 0 7.9249999999999998 0
 842 0 2 16 0 0 10.5 0
 843 1 1 30 0 0 31 1
 844 0 3 34.5 0 0 6.4375 0
 845 0 3 17 0 0 8.6624999999999996 0
 846 0 3 42 0 0 7.5499999999999998 0
 847 0 3 0 8 2 69.549999999999997 0
 848 0 3 35 0 0 7.8958000000000004 0
 849 0 2 28 0 1 33 0
 850 1 1 0 1 0 89.104200000000006 1
 851 0 3 4 4 2 31.274999999999999 0
 852 0 3 74 0 0 7.7750000000000004 0
 853 0 3 9 1 1 15.245799999999999 1
 854 1 1 16 0 1 39.399999999999999 1
 855 0 2 44 1 0 26 1
 856 1 3 18 0 1 9.3499999999999996 1
 857 1 1 45 1 1 164.86670000000001 1
 858 1 1 51 0 0 26.550000000000001 0
 859 1 3 24 0 3 19.258299999999998 1
 860 0 3 0 0 0 7.2291999999999996 0
 861 0 3 41 2 0 14.1083 0
 862 0 2 21 1 0 11.5 0
 863 1 1 48 0 0 25.929200000000002 1
 864 0 3 0 8 2 69.549999999999997 1
 865 0 2 24 0 0 13 0
 866 1 2 42 0 0 13 1
 867 1 2 27 1 0 13.8583 1
 868 0 1 31 0 0 50.495800000000003 0
 869 0 3 0 0 0 9.5 0
 870 1 3 4 1 1 11.1333 0
 871 0 3 26 0 0 7.8958000000000004 0
 872 1 1 47 1 1 52.554200000000002 1
 873 0 1 33 0 0 5 0
 874 0 3 47 0 0 9 0
 875 1 2 28 1 0 24 1
 876 1 3 15 0 0 7.2249999999999996 1
 877 0 3 20 0 0 9.8458000000000006 0
 878 0 3 19 0 0 7.8958000000000004 0
 879 0 3 0 0 0 7.8958000000000004 0
 880 1 1 56 0 1 83.158299999999997 1
 881 1 2 25 0 1 26 1
 882 0 3 33 0 0 7.8958000000000004 0
 883 0 3 22 0 0 10.5167 1
 884 0 2 28 0 0 10.5 0
 885 0 3 25 0 0 7.0499999999999998 0
 886 0 3 39 0 5 29.125 1
 887 0 2 27 0 0 13 0
 888 1 1 19 0 0 30 1
 889 0 3 0 1 2 23.449999999999999 1
 890 1 1 26 0 0 30 0
 891 0 3 32 0 0 7.75 0


